# lon lat (isla Sandy en GSHHS 2.2.0, resolución f)
159.90453 -19.26414
159.90462 -19.26003
159.90541 -19.25917
159.90540 -19.25256
159.90622 -19.25169
159.90622 -19.24417
159.90710 -19.24336
159.90709 -19.23830
159.90788 -19.23750
159.90788 -19.22586
159.90875 -19.22500
159.90875 -19.21667
159.90788 -19.21589
159.90787 -19.21089
159.90710 -19.21003
159.90709 -19.20503
159.90619 -19.20416
159.90625 -19.20086
159.90710 -19.20003
159.90710 -19.19839
159.90791 -19.19750
159.90788 -19.19420
159.90875 -19.19339
159.90872 -19.19086
159.90958 -19.19006
159.90958 -19.18833
159.91039 -19.18753
159.91039 -19.18506
159.91122 -19.18420
159.91129 -19.18167
159.91206 -19.18086
159.91206 -19.17753
159.91286 -19.17667
159.91295 -19.17419
159.91376 -19.17333
159.91376 -19.17086
159.91454 -19.17006
159.91458 -19.16753
159.91545 -19.16667
159.91545 -19.16505
159.91624 -19.16419
159.91623 -19.16167
159.91708 -19.16086
159.91705 -19.15833
159.91794 -19.15753
159.91792 -19.15506
159.91872 -19.15419
159.91872 -19.15166
159.91956 -19.15086
159.91962 -19.14833
159.92041 -19.14753
159.92041 -19.14586
159.92122 -19.14506
159.92131 -19.14253
159.92210 -19.14166
159.92209 -19.13919
159.92288 -19.13834
159.92291 -19.13500
159.92378 -19.13419
159.92378 -19.13167
159.92458 -19.13086
159.92456 -19.12833
159.92538 -19.12753
159.92538 -19.12500
159.92628 -19.12419
159.92625 -19.12253
159.92706 -19.12167
159.92706 -19.11919
159.92789 -19.11833
159.92795 -19.11667
159.92876 -19.11586
159.92876 -19.11333
159.92955 -19.11253
159.92958 -19.11081
159.93045 -19.11000
159.93045 -19.10919
159.93246 -19.10714
159.93330 -19.10711
159.93417 -19.10625
159.93588 -19.10625
159.93665 -19.10545
159.93747 -19.10545
159.93834 -19.10458
159.94000 -19.10461
159.94081 -19.10375
159.94164 -19.10381
159.94254 -19.10294
159.94420 -19.10294
159.94501 -19.10214
159.94672 -19.10211
159.94748 -19.10292
159.94833 -19.10292
159.94914 -19.10378
159.94997 -19.10378
159.95122 -19.10503
159.95125 -19.10583
159.95372 -19.10834
159.95378 -19.11086
159.95459 -19.11166
159.95461 -19.11420
159.95538 -19.11497
159.95541 -19.11836
159.95619 -19.11922
159.95625 -19.12170
159.95708 -19.12250
159.95703 -19.12583
159.95789 -19.12666
159.95789 -19.12920
159.95877 -19.13000
159.95877 -19.13167
159.95955 -19.13253
159.95955 -19.13419
159.96042 -19.13506
159.96042 -19.13664
159.96123 -19.13750
159.96124 -19.14003
159.96205 -19.14088
159.96202 -19.14423
159.96124 -19.14503
159.96124 -19.15247
159.96039 -19.15336
159.96045 -19.16253
159.96124 -19.16333
159.96124 -19.16833
159.96205 -19.16917
159.96208 -19.17336
159.96292 -19.17416
159.96289 -19.17836
159.96375 -19.17914
159.96371 -19.18333
159.96455 -19.18420
159.96455 -19.20750
159.96371 -19.20836
159.96371 -19.22000
159.96289 -19.22081
159.96286 -19.22586
159.96208 -19.22667
159.96205 -19.23167
159.96124 -19.23253
159.96124 -19.23753
159.96042 -19.23833
159.96045 -19.24339
159.95953 -19.24419
159.95953 -19.25417
159.95877 -19.25503
159.95877 -19.26503
159.95789 -19.26588
159.95792 -19.26836
159.95708 -19.26917
159.95708 -19.27089
159.95628 -19.27170
159.95628 -19.27417
159.95541 -19.27502
159.95538 -19.27836
159.95459 -19.27922
159.95459 -19.28586
159.95372 -19.28667
159.95369 -19.30419
159.95456 -19.30503
159.95459 -19.31756
159.95372 -19.31836
159.95378 -19.32169
159.95291 -19.32256
159.95291 -19.32417
159.95209 -19.32503
159.95203 -19.32756
159.95125 -19.32836
159.95125 -19.32916
159.95044 -19.33003
159.95044 -19.33089
159.94705 -19.33417
159.94705 -19.33503
159.94376 -19.33830
159.94376 -19.33916
159.93835 -19.34461
159.93750 -19.34461
159.93497 -19.34708
159.93414 -19.34708
159.93250 -19.34875
159.93167 -19.34878
159.93080 -19.34958
159.92999 -19.34958
159.92914 -19.35045
159.92494 -19.35047
159.92416 -19.35128
159.91919 -19.35130
159.91833 -19.35045
159.91667 -19.35045
159.91583 -19.34958
159.91498 -19.34958
159.91373 -19.34834
159.91370 -19.34753
159.91295 -19.34666
159.91295 -19.34503
159.91206 -19.34417
159.91206 -19.34256
159.91125 -19.34169
159.91125 -19.34084
159.91039 -19.34003
159.91039 -19.33830
159.90958 -19.33752
159.90958 -19.33586
159.90875 -19.33500
159.90872 -19.33253
159.90791 -19.33167
159.90791 -19.33000
159.90710 -19.32922
159.90709 -19.32422
159.90625 -19.32336
159.90625 -19.31167
159.90710 -19.31084
159.90709 -19.28336
159.90619 -19.28250
159.90619 -19.27086
159.90541 -19.27000
159.90540 -19.26500
159.90453 -19.26414
